0.0
0.0
0.0
0.0
0.0
0.0
0.0
0.0
0.0
0.0
0.0
0.0
0.0
0.0
0.0
0.0
0.0
0.0
284.1543388366699
127.53579139709473
0.5777431651949883
0.5916981026530266
0.4322659969329834
0.8920694887638092
3.0837783217430115
3.9723005890846252
8.00352394580841
8.417288661003113
8.721873760223389
8.824072480201721
21.125142574310303
46.750173568725586
65.83019256591797
70.12182712554932
74.64478492736816
70.5307388305664
59.48862075805664
53.10516834259033
39.26027297973633
37.56742000579834
24.366512298583984
19.860397577285767
16.34329319000244
13.08894395828247
10.938278436660767
9.899043440818787
5.737821459770203
3.4383180737495422
5.4011452198028564
6.668397784233093
9.656001329421997
11.356273889541626
7.438337206840515
9.036996364593506
7.726609706878662
8.144517540931702
11.028984785079956
16.23442053794861
9.939568638801575
12.299761772155762
44.194626808166504
66.22668743133545
68.3700180053711
56.74980163574219
58.0267858505249
58.80952835083008
88.0207633972168
93.93362998962402
86.55041694641113
69.93453025817871
68.8593578338623
50.60163497924805
33.15485715866089
26.372878551483154
24.849092960357666
30.981874465942383
38.23615074157715
36.61398410797119
55.1465368270874
64.69467639923096
78.4687852859497
55.216617584228516
74.01525020599365
52.06856727600098
52.79542922973633
59.51859951019287
78.57323169708252
61.94275379180908
62.42560386657715
59.06960964202881
47.39018440246582
47.511210441589355
34.24469470977783
30.72021484375
31.369738578796387
28.22023630142212
18.619158267974854
1.9013142585754395
0.5226221308112144
0.5980739369988441
0.39060935378074646
0.3521009534597397
10.099445581436157
11.910992860794067
26.45223379135132
27.441790103912354
18.935052156448364
15.844188928604126
30.547800064086914
38.87137174606323
40.151166915893555
65.90232372283936
43.45069408416748
41.01928234100342
12.935811281204224
11.937316656112671
19.706701040267944
24.781177043914795
19.015684127807617
1.3216908276081085
13.323218822479248
41.14800453186035
65.17763137817383
17.888824939727783
20.083496570587158
27.879252433776855
24.49984073638916
22.12318181991577
18.77673864364624
17.85475730895996
13.84355902671814
11.724381446838379
8.19196105003357
5.2198076248168945
2.347613275051117
0.7075127214193344
9.674171209335327
36.76331043243408
64.83994007110596
42.53909111022949
27.20499277114868
26.37765645980835
34.9084210395813
32.426297664642334
35.553526878356934
75.73917388916016
37.359395027160645
23.714399337768555
32.40398406982422
27.48868703842163
32.02020883560181
47.25239276885986
46.87602519989014
17.42276430130005
5.8053553104400635
13.283109664916992
5.051826238632202
11.129894256591797
28.061556816101074
25.5673885345459
21.695115566253662
19.04356598854065
16.326313018798828
14.300072193145752
12.818762063980103
11.316481828689575
7.934005260467529
4.931483268737793
2.329385429620743
1.0780678689479828
4.034901857376099
8.168806433677673
9.117640256881714
14.83474850654602
8.9518541097641
5.355905890464783
0.4203728586435318
0.389692559838295
0.30711743980646133
0.24275541305541992
0.20069776102900505
0.18697764724493027
0.14574852772057056
58.695974349975586
46.573076248168945
24.087207317352295
11.200777292251587
29.443280696868896
39.72578763961792
52.77190685272217
50.3926420211792
70.26931285858154
75.07697105407715
51.43191337585449
38.56915473937988
28.853907585144043
23.52419376373291
28.371155261993408
7.983306050300598
1.4449682831764221
13.027633428573608
16.830811500549316
7.975372672080994
24.544849395751953
34.95438575744629
26.726019382476807
23.81758689880371
20.95266819000244
18.437951803207397
16.735377311706543
14.24833059310913
10.843980312347412
9.577863812446594
8.256370425224304
7.145591974258423
5.257717967033386
2.9506057500839233
0.7947321236133575
0.43280187994241714
0.2059384435415268
0.19698599353432655
0.2063816785812378
0.20699592307209969
0.17642958089709282
0.1899646408855915
0.20754478871822357
0.19112596288323402
0.14710056595504284
0.13904783874750137
0.1627565175294876
0.15693789348006248
0.14705787412822247
0.18073713406920433
0.15760349109768867
0.15632925555109978
0.1666320115327835
0.17833830788731575
0.19802464172244072
0.2186397835612297
0.2739083394408226
0.2901434525847435
0.18759367987513542
0.16441402956843376
0.13737648725509644
0.1479545794427395
0.15545612201094627
0.1740293949842453
0.11186712421476841
0.11634217575192451
0.12082964181900024
0.12613186612725258
0.10613877326250076
0.09647438302636147
0.11512676253914833
0.08381245657801628
0.12439431622624397
0.0884596724063158
0.12244430370628834
0.08692285045981407
0.09401282295584679
0.0963104423135519
0.11328339576721191
0.09630071930587292
0.17904305830597878
0.13245059177279472
0.15516284853219986
0.1263959426432848
0.12157958000898361
0.16400272026658058
0.10535541921854019
0.09563577361404896
0.07476340048015118
0.07842968218028545
0.08976958692073822
0.09430794976651669
0.06668334361165762
0.053018443286418915
0.05695781670510769
0.05783973727375269
0.06312486715614796
0.0663697486743331
0.06206807680428028
0.05669296719133854
0.05870307330042124
0.06538339890539646
0.06893609184771776
0.07804790046066046
20.552430152893066
93.60982894897461
65.99188327789307
17.240349054336548
12.141664028167725
8.97842824459076
29.287712574005127
32.13465452194214
33.93035411834717
35.89921474456787
65.54223537445068
35.97468852996826
26.98021173477173
22.774949073791504
31.84108018875122
33.4627366065979
15.253334045410156
13.137909173965454
13.489136695861816
7.677462100982666
7.1404242515563965
13.948911428451538
29.208528995513916
26.909122467041016
25.998122692108154
21.10619068145752
19.560492038726807
17.433559894561768
13.908792734146118
10.68349838256836
8.553792834281921
5.263482332229614
2.5810638070106506
0.7895216345787048
0.918823704123497
0.5966115742921829
0.31484831124544144
0.16331493854522705
0.16082167625427246
0.17851851880550385
0.1581910252571106
0.22489765658974648
0.19662629812955856
0.1825619488954544
0.15873651951551437
0.15405546873807907
0.16712868586182594
0.13229116797447205
0.1451333612203598
0.12314219959080219
0.11928366497159004
0.12355498969554901
0.11678891256451607
0.12611527927219868
0.11672192253172398
0.11051543056964874
0.11433457024395466
0.11553250253200531
0.10287674143910408
0.12299737893044949
0.09743226692080498
0.09444589726626873
0.09166655130684376
0.10956111364066601
0.10466162115335464
0.09048241190612316
0.09305032901465893
0.09206005372107029
0.09303748607635498
0.0987065676599741
0.08114289492368698
0.08593510836362839
0.0884605385363102
0.09863579645752907
0.09524589404463768
0.09219478815793991
0.07443438284099102
0.09822276420891285
0.06993753369897604
0.06900103762745857
0.0648681353777647
0.06014138925820589
0.06475427187979221
2.2239774465560913
0.0
0.0
0.0
0.0
0.0
0.0
0.0
0.0
0.0
0.0
0.0
0.0
0.0
0.0
0.0
0.0
0.0
0.0
0.0
295.42253494262695
119.14069175720215
0.5052582919597626
0.5544780194759369
0.521179810166359
0.44775933027267456
1.9210250675678253
0.8282008767127991
0.5186932161450386
0.45938093215227127
0.46717289835214615
0.49579713493585587
0.4164839908480644
0.32011449337005615
0.2621358633041382
0.2342233620584011
0.20118378102779388
0.17258493229746819
0.15371511690318584
0.17574138939380646
0.3002198599278927
0.1923602633178234
0.1741946116089821
0.14348668046295643
0.1521667093038559
0.18370803445577621
0.16444427892565727
0.14976338483393192
0.14797929674386978
0.14113360084593296
0.15733923763036728
0.1884850114583969
0.16656514257192612
0.18110690638422966
0.19613116979599
0.17344051972031593
0.19413741305470467
0.20610108971595764
0.20910730585455894
0.2098705805838108
0.23383604362607002
0.22274335846304893
0.1918526366353035
0.25558775290846825
0.2704252675175667
0.17124449834227562
0.21875334903597832
0.2025400660932064
0.18866850063204765
0.1526329107582569
0.15553269535303116
0.15092234127223492
0.1830264925956726
0.16134198755025864
0.14784138649702072
0.16179146245121956
0.1781931333243847
0.16482459381222725
0.1449134759604931
0.13458740897476673
0.1908058300614357
0.19126102328300476
0.22482449188828468
0.30725330114364624
0.2561422437429428
0.18922852352261543
0.8445742726325989
3.48766952753067
4.053802490234375
4.990112781524658
4.287736713886261
5.559138059616089
8.143559098243713
7.6924872398376465
8.011331558227539
7.595049142837524
7.305605411529541
5.794457197189331
5.3028106689453125
4.870030879974365
5.263862609863281
5.10957658290863
5.257852077484131
4.1261690855026245
3.239865303039551
3.7277695536613464
4.069902300834656
4.3309685587883
3.9463120698928833
3.7877407670021057
4.075676798820496
4.499030411243439
4.721499979496002
6.119750142097473
4.152595698833466
4.559324383735657
4.012032747268677
4.159083366394043
4.553037583827972
3.1000563502311707
3.701624870300293
3.5919758677482605
3.61445814371109
4.528295993804932
4.111522138118744
4.395874738693237
4.274967610836029
3.978566527366638
4.151055812835693
3.217679262161255
2.4501951038837433
2.5429362058639526
2.7928626537323
2.4777260422706604
2.6250696182250977
1.9975313544273376
1.3158676028251648
0.9437637776136398
0.6135343760251999
0.6344156712293625
0.618327409029007
0.6345657259225845
0.4256032034754753
0.20754411816596985
0.17776664346456528
0.13274515978991985
0.13885228894650936
0.13504672795534134
0.10240110568702221
0.12992671690881252
0.10716836899518967
0.15177910216152668
0.10990106500685215
0.13480889610946178
0.12310215272009373
0.10404953733086586
0.11348633095622063
0.113649507984519
0.10682147927582264
0.10072773322463036
0.09535091929137707
0.09169192984700203
0.08754199370741844
0.11926252394914627
0.11969281360507011
0.085937874391675
0.07288013119250536
0.09142948314547539
0.07284218445420265
0.08396648801863194
0.07371166720986366
0.07090575993061066
0.05554384086281061
0.147451339289546
0.08499249815940857
0.08577557280659676
0.144569743424654
0.0749006774276495
0.08018797263503075
0.07420435082167387
0.07482582237571478
0.07527905516326427
0.05554291419684887
0.06718439981341362
0.048503330908715725
0.07118395064026117
0.08248814381659031
0.08270654827356339
0.05943360272794962
0.05114566069096327
0.06295483093708754
0.04888989496976137
0.048332237638533115
0.05505741573870182
0.048987879417836666
0.044473414309322834
0.062037776224315166
0.06864151451736689
0.06946621462702751
0.06355786696076393
0.05650275852531195
0.07058918941766024
0.2668892778456211
0.1321164332330227
0.1449699979275465
0.08263362571597099
0.07878370583057404
0.06250168196856976
0.2944195829331875
0.11184561997652054
0.17427410930395126
0.6907065212726593
0.38348887115716934
0.456041619181633
0.20208507776260376
0.12031660415232182
0.14056573621928692
0.15671387314796448
0.1156766526401043
0.09888053871691227
0.10956807062029839
0.11800785548985004
0.0885894987732172
0.11913708411157131
0.09810714051127434
0.07474571466445923
0.105736143887043
0.10092969052493572
0.09141980670392513
0.11300125159323215
0.09353410452604294
0.08551745675504208
0.09591429494321346
0.099689532071352
0.09401310235261917
0.10433804243803024
0.08139447309076786
0.06365494336932898
0.06722131744027138
0.07865360006690025
0.05202549509704113
0.05676098633557558
0.048203286714851856
0.06987090222537518
0.07565788459032774
0.05962823983281851
0.057465373538434505
0.06230991333723068
0.06228078622370958
0.0587973790243268
0.06867603398859501
0.06759827956557274
0.058167665265500546
0.05101541988551617
0.07850209251046181
0.06444745231419802
0.06525909062474966
0.07027346175163984
0.0641398411244154
0.07694071624428034
0.13286281377077103
0.3868650272488594
0.31553301960229874
6.320213079452515
1.8369217216968536
1.5716712176799774
0.47862935811281204
0.24217413738369942
0.2833043597638607
0.1889086700975895
0.3365985304117203
1.5587842464447021
1.3362333178520203
4.49374794960022
12.453265190124512
15.235296487808228
17.041338682174683
25.385818481445312
22.73029327392578
25.510246753692627
23.88108253479004
27.47497797012329
25.095746517181396
22.23802089691162
27.362470626831055
31.019315719604492
25.96475124359131
26.549572944641113
20.85759162902832
20.05605459213257
20.312933921813965
15.776125192642212
15.824317932128906
16.503456830978394
15.604093074798584
13.39571237564087
10.873981714248657
9.176961779594421
10.716054439544678
8.214165568351746
7.3802196979522705
6.625267863273621
5.905730724334717
5.324561595916748
5.5374181270599365
5.269062519073486
4.398752748966217
2.8849321603775024
2.0932914316654205
1.500062346458435
0.9156753122806549
0.4906737431883812
0.24402273818850517
0.23151105269789696
0.1784956268966198
0.16903560608625412
0.16320405527949333
0.15942441299557686
0.16501963138580322
0.19340511411428452
0.13146406970918179
0.14495331794023514
0.11602518148720264
0.12405761517584324
0.099077969789505
0.14623922295868397
0.13079172000288963
0.1390694547444582
0.16960367560386658
0.11875449679791927
0.12030175887048244
0.10061869397759438
0.10126305744051933
0.10674252174794674
0.11390619911253452
0.0869505014270544
0.10360087268054485
0.09573126211762428
0.10096905753016472
0.08377012796700001
0.1010255329310894
0.10656374506652355
0.09122070856392384
0.10747723281383514
0.0787268579006195
0.08403025567531586
0.08583903312683105
0.0719282403588295
0.08745098486542702
0.08009898476302624
0.06876034196466208
0.06361431442201138
0.051259868778288364
0.05540585611015558
0.6053892523050308
0.2958356961607933
0.08927871473133564
0.09135307744145393
0.07417060434818268
0.06827245000749826
0.075950026512146
0.057196542620658875
0.0681323790922761
0.06474364083260298
0.06578266620635986
0.061036888509988785
0.05988790187984705
0.06104001775383949
0.06147347390651703
0.055031655356287956
0.06672371178865433
0.064620072953403
0.06734960712492466
0.06560472771525383
0.06041827145963907
0.06166513543576002
0.06183459423482418
0.08554843254387379
0.05346901249140501
0.07253782358020544
0.05512225441634655
0.06701085716485977
0.060488427989184856
0.045264363288879395
0.06563716102391481
0.0583317456766963
0.06503925193101168
0.06206708028912544
0.05162037443369627
0.0664660194888711
0.052034747786819935
0.06342985201627016
0.05873008165508509
0.054632420651614666
0.050050513818860054
0.07268747314810753
0.054153124801814556
0.0594419427216053
0.05191963631659746
0.05138710141181946
0.086662033572793
0.0706009054556489
0.05904245190322399
3.6430633068084717
3.1523028016090393
10.437272787094116
12.301665544509888
11.118143796920776
17.546067237854004
17.481411695480347
21.20432138442993
23.83396863937378
20.9618878364563
21.88659429550171
20.98989248275757
25.33146858215332
19.980368614196777
21.23831033706665
19.986404180526733
21.07689142227173
19.040192365646362
15.281604528427124
14.553048610687256
15.190331935882568
13.465934991836548
11.24127984046936
10.314751863479614
8.971948623657227
8.081607818603516
5.198087692260742
5.694602727890015
4.607800543308258
4.150304198265076
3.0605441331863403
1.9249236583709717
1.1241836845874786
0.7147133350372314
0.4501582682132721
0.24171233177185059
0.19329767674207687
0.1770622842013836
0.18825719133019447
0.19357072189450264
0.13554327189922333
0.1474787387996912
0.12085223570466042
0.13732719235122204
0.15617553144693375
0.13342361897230148
0.10387319140136242
0.14283363707363605
0.13175503350794315
0.1280603278428316
0.1332447398453951
0.16528766602277756
0.14684452675282955
0.14347516931593418
0.1275829505175352
0.24950841441750526
0.15871334820985794
0.22713428363204002
0.15470326878130436
0.15776343643665314
0.1308370940387249
0.5859551206231117
0.2741505205631256
0.17397882416844368
0.11364002712070942
0.18625803291797638
0.21493762731552124
0.2271660603582859
0.09011338464915752
0.06869793869554996
0.08206897415220737
0.08341860957443714
0.15097951516509056
0.23547591641545296
0.098817003890872
0.18668046221137047
0.08278154768049717
0.07380993571132421
0.16532856971025467
0.3072690777480602
0.1736900582909584
0.06306012161076069
0.07239788305014372
0.08137489669024944
0.0612017372623086
0.08797844871878624
0.12116686441004276
0.09404227137565613
0.0824657641351223
0.057646483182907104
0.058836075477302074
0.0764266261830926
0.10380811057984829
0.09151452220976353
0.06208464503288269
0.06174192763864994
0.07178470492362976
0.0495581328868866
0.05907485727220774
0.06141487043350935
0.06007658317685127
0.0863723736256361
0.06768979597836733
0.06008775904774666
0.07188627496361732
0.062325941398739815
0.04728368017822504
0.054455939680337906
0.05823054350912571
0.052812518551945686
0.05613129120320082
0.06477116141468287
0.06756975315511227
0.06738059222698212
0.0488998694345355
0.07013913709670305
0.06482405122369528
0.05682561546564102
0.11087353341281414
0.14196823351085186
0.14232019893825054
0.4107613116502762
0.7301247864961624
0.3534446284174919
0.3252781927585602
0.38521911948919296
3.0624982714653015
9.95493471622467
12.672117948532104
16.570643186569214
16.781429052352905
15.361026525497437
16.475882530212402
13.393833637237549
12.19483733177185
9.692754745483398
7.949974536895752
6.449417471885681
4.877492189407349
3.4090685844421387
1.934828758239746
1.0843419283628464
0.5970975384116173
0.47214798629283905
0.42484402656555176
0.20357439294457436
0.17635731026530266
0.2083691768348217
0.16964811831712723
0.12541662901639938
0.11800279840826988
0.1398636307567358
0.11545762419700623
0.12534468434751034
0.13614279218018055
0.11364046484231949
0.10089905932545662
0.10565315373241901
0.10814646258950233
0.13672100380063057
0.12017483823001385
0.11763792484998703
0.1056817639619112
0.1230213325470686
0.09500844404101372
0.1268470659852028
0.1399586722254753
0.09520413354039192
0.089129488915205
0.10586387477815151
0.07651448249816895
0.07933349348604679
0.08739628829061985
0.09367194026708603
0.08734150789678097
0.08233404718339443
0.07162450812757015
0.07725830655544996
0.0866777915507555
0.10959851555526257
0.07213931065052748
0.0663212826475501
0.05642368458211422
0.0590062141418457
0.04848571494221687
0.046507203951478004
0.06107042543590069
0.052946372888982296
0.067915846593678
0.08117722347378731
0.6315691024065018
1.619432121515274
1.9500066339969635
1.9154700636863708
2.1178720891475677
2.5709185004234314
2.6746344566345215
2.456030249595642
2.7198779582977295
2.4107079207897186
2.0853422582149506
2.021392285823822
1.7421099543571472
1.689547747373581
1.402912437915802
0.8332309126853943
0.9041508287191391
0.5232726782560349
0.5346445739269257
0.4725877568125725
0.46940214931964874
0.7241608947515488
1.489286869764328
1.527271717786789
1.9632411003112793
1.5310639142990112
1.4389654994010925
1.564967781305313
1.6136792302131653
1.4728917181491852
1.200457438826561
1.1317471414804459
0.4109303653240204
0.3984895721077919
0.32420866191387177
0.27817435562610626
0.852329209446907
0.6929358094930649
0.39571885019540787
0.386262908577919
0.24996008723974228
0.18515776842832565
0.23050371557474136
0.7484987378120422
1.5299837291240692
2.0147012174129486
1.2587453424930573
0.826055184006691
0.7669815421104431
0.7111524790525436
0.8438209444284439
0.7827942818403244
0.9651682525873184
0.9511251747608185
0.4259585961699486
0.3777860850095749
0.3919042646884918
0.6660185754299164
1.384570449590683
1.6138413548469543
1.6650600731372833
1.6183939576148987
1.76283597946167
1.9014981389045715
1.4683455228805542
1.3920800387859344
1.0723788291215897
0.8424114435911179
1.1273156106472015
1.193716898560524
1.3354787230491638
1.60879448056221
1.4632251858711243
1.1992035806179047
1.3378895819187164
1.0740549117326736
0.6589462608098984
0.4540110006928444
0.7913504540920258
0.7655725628137589
0.5637995153665543
0.4515606164932251
0.49758750945329666
0.4241515323519707
0.4232535883784294
0.38845207542181015
0.3581901639699936
0.3766719624400139
0.283386055380106
0.25824371725320816
0.26514600962400436
0.2345280721783638
0.22058919072151184
0.2680613473057747
0.29410652816295624
0.19919637590646744
0.11525885201990604
0.12110551819205284
0.0900624692440033
0.06277950014919043
0.0975319929420948
0.09689416736364365
0.13210960663855076
0.13812013901770115
0.12476855888962746
0.1974543184041977
0.14835795387625694
0.3111439570784569
0.4193643853068352
0.9301716834306717
1.1483471095561981
0.980481281876564
1.0865696519613266
1.3688217103481293
1.5818572044372559
1.4127829670906067
1.0408976674079895
0.8168035000562668
0.6520511955022812
0.5664027482271194
0.31352661550045013
0.18405629321932793
0.10604800656437874
0.07874379865825176
0.07938580587506294
0.0675255199894309
0.052337259985506535
0.06907861214131117
0.04998684860765934
0.06241754163056612
0.05780594423413277
0.06639715284109116
0.07138608954846859
0.058272602036595345
0.05356380715966225
0.04432274028658867
0.055266665294766426
0.056968401186168194
0.11105222627520561
0.16224585473537445
0.07225669454783201
0.07434871979057789
0.07214412558823824
0.35427555441856384
0.21306496113538742
0.2789601683616638
0.7209576666355133
0.9750747680664062
0.6202466413378716
0.5239515379071236
0.6651075929403305
0.3946252539753914
0.4547770321369171
0.3093156963586807
0.44226374477148056
0.30803361907601357
0.42583271861076355
0.3699905797839165
0.20862272009253502
0.15539145097136497
0.12781230732798576
0.09839719161391258
0.08261227048933506
0.18169719725847244
0.3200829401612282
0.32732564955949783
0.3097309172153473
0.7205147296190262
0.6380052119493484
1.0046987235546112
0.844772681593895
0.90613953769207
0.4341563209891319
0.6599265336990356
0.8621379733085632
0.897400826215744
0.6080586463212967
0.16287341713905334
0.231404397636652
0.4170616716146469
0.3208066150546074
0.14516434632241726
0.2160949818789959
1.6796118021011353
1.5851932764053345
1.902380883693695
1.5298105776309967
1.1427349597215652
1.5927472710609436
1.4116331934928894
1.1872071027755737
1.0528882592916489
1.2091395258903503
0.9482105076313019
1.1886295676231384
0.6200099736452103
0.4508504271507263
0.3580305725336075
0.41796404868364334
0.5897147953510284
0.95938540995121
1.013304814696312
1.465822458267212
1.6427841782569885
1.6243363916873932
1.9873957335948944
2.246326506137848
3.051420748233795
2.096390426158905
1.7213761806488037
2.430505007505417
2.289600223302841
1.703629046678543
0.7183784246444702
0.4859895259141922
0.36053501069545746
0.22443467751145363
0.6167401373386383
1.7339323461055756
2.1306218206882477
2.828281819820404
2.713792324066162
2.075914293527603
2.397312819957733
1.2788309156894684
1.118197962641716
1.03889562189579
0.5594830960035324
0.2985773794353008
0.19799474626779556
0.1267638150602579
0.18461909145116806
0.14748003333806992
0.33322781324386597
1.1771642416715622
2.2256654500961304
2.373070865869522
1.5411022305488586
1.5508322417736053
1.8059627711772919
1.3307927548885345
1.0122603178024292
0.7552685588598251
0.49961790442466736
0.1373740006238222
0.1370469480752945
0.29578860849142075
0.4452626034617424
0.6071772798895836
1.1411041021347046
1.462613195180893
1.2622244656085968
1.5658749639987946
1.569228172302246
1.2681923806667328
0.9190164506435394
0.9623033553361893
0.8673617243766785
1.1022989451885223
1.1363524198532104
1.0197636485099792
0.625775009393692
0.5184514075517654
0.3603256493806839
0.3700202703475952
0.432177409529686
0.44348008930683136
0.3624828904867172
0.40191587060689926
0.29831431806087494
0.2997846156358719
0.28622059151530266
0.2927643805742264
0.30293358489871025
0.49124859273433685
0.8049847930669785
0.6416215747594833
0.5072471871972084
0.16168706119060516
0.0
0.0
0.0
0.0
0.0
0.0
0.0
0.0
0.0
0.0
0.0
0.0
0.0
0.0
0.0
0.0
0.0
0.0
0.0
0.0
0.0
0.0
0.0
0.0
0.0
0.0
0.0
0.0
0.0
410.0189971923828
47.788939476013184
0.4358011484146118
0.5385376140475273
0.41464146226644516
0.4660183936357498
0.4685702919960022
0.5077802389860153
0.5147251114249229
0.604439303278923
0.43297503143548965
0.408063568174839
0.3682176396250725
0.2775314263999462
0.24367062374949455
0.2006787434220314
0.18437180668115616
0.16790088266134262
0.16315637156367302
0.1518223062157631
0.16946792602539062
0.15161850489676
0.138467438519001
0.17284421250224113
0.16523605212569237
0.1332207303494215
0.16412463039159775
0.19303519278764725
0.17101580277085304
0.15295224264264107
0.20389549434185028
0.15173319727182388
0.16932358965277672
0.16727453097701073
0.16022007912397385
0.161801278591156
0.17261208966374397
0.16714004799723625
0.16788441687822342
0.16851233318448067
0.1748407818377018
0.1737215742468834
0.31234823167324066
0.16485270112752914
0.17066428437829018
0.18097257241606712
0.19268682226538658
0.15092819929122925
0.15618134289979935
0.14516056515276432
0.18421944230794907
0.1891983114182949
0.16262104734778404
0.15578916296362877
0.1834293082356453
0.16280552372336388
0.19126083701848984
0.1494561042636633
0.14284269884228706
0.15079623088240623
0.1398475281894207
0.17357554286718369
0.14495158568024635
0.1357718650251627
0.15007972717285156
0.1333262398838997
0.15764353796839714
0.12905994430184364
0.1398643758147955
0.140360239893198
0.15129405073821545
0.12370910495519638
0.08619790896773338
0.09075256995856762
0.11024067178368568
0.12972683645784855
0.12405024841427803
0.1333942450582981
0.11613063514232635
0.10725523345172405
0.1523497048765421
0.1054054219275713
0.12856277637183666
0.11583005078136921
0.10309187695384026
0.09296435862779617
0.6859885156154633
0.6471613794565201
0.1573140174150467
0.10911746881902218
0.14346064999699593
0.11333749629557133
0.0848365668207407
0.09421782568097115
0.13491502963006496
0.06069566588848829
0.06295767612755299
0.09355569258332253
0.08780835196375847
0.08284471929073334
0.05832376889884472
0.06737987510859966
0.05247991532087326
0.07294263690710068
0.07022012025117874
0.05161881446838379
0.07113529369235039
0.06835091393440962
0.07375527638942003
0.058425646275281906
0.053862021304666996
0.05894751753658056
0.06389752961695194
0.07163471076637506
0.05473141558468342
0.06552563980221748
0.05326328333467245
0.04796883091330528
0.06977448239922523
0.05696116480976343
0.054029431194067
0.081658735871315
0.07330085150897503
0.07095514331012964
0.08094798773527145
0.08369830437004566
0.07426316849887371
0.07049363106489182
0.07271388545632362
0.052319751121103764
0.06371069233864546
0.05431538447737694
0.05407920107245445
0.05196337588131428
0.06396239623427391
0.049337418749928474
0.055941641330718994
0.06140568293631077
0.06390335969626904
0.06278813350945711
0.07208017632365227
0.07134731393307447
0.06057457998394966
0.06927795708179474
0.06465084385126829
0.06078914739191532
0.04169914871454239
0.057927072048187256
0.06823830772191286
0.06757520604878664
0.3730110824108124
0.10593652725219727
0.06760532967746258
0.07932483218610287
0.06116646807640791
0.055460892617702484
0.07402327377349138
0.07619482930749655
0.07641208358108997
0.053432174026966095
0.0628590164706111
0.0523923896253109
0.6249245256185532
0.18859120085835457
0.07785497233271599
0.9131081402301788
2.9339343309402466
3.3535900712013245
0.20211411640048027
0.13826265931129456
0.13757401145994663
0.9106374531984329
15.64245343208313
7.12622344493866
2.5681641697883606
0.5191618204116821
0.511368103325367
0.43832071125507355
0.19377052783966064
0.4058847203850746
1.0039076954126358
0.243962574750185
0.16499849036335945
0.15107420273125172
0.15290874056518078
0.3082575090229511
0.8280903846025467
0.1165411714464426
0.2076360397040844
0.45710090547800064
3.131486475467682
18.705854415893555
1.3660567998886108
0.474320650100708
0.4465772956609726
0.33719729632139206
0.37465885281562805
0.40997084230184555
0.26405295357108116
0.19839921966195107
0.15556146390736103
0.17501799389719963
0.1578884944319725
0.11819325387477875
0.15707947313785553
0.15245196409523487
0.132940411567688
0.1456410437822342
0.11903719045221806
0.15460072085261345
0.18944060429930687
0.7227527350187302
2.1769367158412933
3.4240850806236267
5.478130578994751
5.9470683336257935
3.56927752494812
3.6004355549812317
16.53828501701355
27.18594789505005
30.43743371963501
34.242658615112305
26.518471240997314
35.9763765335083
33.757407665252686
30.432138442993164
35.260305404663086
33.72748374938965
42.441391944885254
35.167648792266846
30.541179180145264
27.80367136001587
27.937569618225098
21.573188304901123
20.34787654876709
19.40412163734436
18.852157592773438
18.004339933395386
14.977927207946777
14.838703870773315
11.201099157333374
10.049679279327393
9.468618631362915
9.545285701751709
7.233247756958008
5.595617294311523
3.830874264240265
2.036896198987961
0.7638893276453018
0.5495169386267662
0.3626393526792526
0.3714432194828987
0.40592577308416367
0.274166464805603
0.25268474593758583
0.24592416360974312
0.21192621439695358
0.39079699665308
0.2758202888071537
0.19807176664471626
0.2510389871895313
0.15953503549098969
0.2651664614677429
0.1836196891963482
0.18114250153303146
0.18726617097854614
0.2698248252272606
0.27127865701913834
0.1675892062485218
0.25275759398937225
0.21804509684443474
0.22240148857235909
0.4768450930714607
0.21538682281970978
0.1906595192849636
0.1962694711983204
0.17116008326411247
0.15643635764718056
0.14169303700327873
0.1457669772207737
0.140683026984334
0.12718812562525272
0.12800989672541618
0.14062613248825073
0.32617494463920593
0.8393418043851852
0.23946726694703102
0.21813459694385529
0.14389324001967907
0.17331570386886597
0.13023016974329948
0.09856046177446842
0.14255340211093426
0.09191942401230335
1.225685104727745
0.1288048829883337
0.1291347946971655
0.1302653830498457
0.1227129902690649
0.10818801820278168
0.6402210146188736
0.13317680917680264
0.10412379167973995
0.12292470782995224
0.0932686310261488
0.11712120845913887
0.7188577204942703
0.13822074979543686
0.09378713555634022
0.11219390667974949
0.10531997308135033
0.07744895294308662
0.07188152987509966
0.07218678947538137
0.08413862437009811
0.06829089019447565
0.06954402662813663
0.06354371551424265
0.09484893642365932
0.06346937734633684
0.08191532455384731
0.08810336701571941
0.09955225512385368
0.06900453940033913
0.05988971330225468
0.058409543707966805
0.0687687611207366
0.08041772991418839
0.058548818342387676
0.07037374190986156
0.08068744093179703
0.23721860721707344
0.7523778825998306
1.9945049285888672
1.8640419840812683
2.6503747701644897
2.0192188024520874
1.5093426406383514
1.8875175714492798
7.5694286823272705
12.454187870025635
10.467994213104248
7.852407097816467
10.670114755630493
10.491613149642944
9.227606058120728
11.440447568893433
12.348018884658813
12.068917751312256
10.927038192749023
9.95506227016449
9.58713412284851
9.781098365783691
8.145300149917603
7.6556432247161865
6.77695095539093
5.439432263374329
4.427456557750702
3.3459514379501343
1.9951200485229492
1.3279721140861511
0.6742227077484131
0.3660120815038681
0.3093085438013077
0.21513402462005615
0.18262095749378204
0.14168555848300457
0.15765119343996048
0.14817344956099987
0.12503951787948608
0.10981504805386066
0.13586394488811493
0.11095509864389896
0.13642205856740475
0.12375917285680771
0.11985372751951218
0.1486794464290142
0.11736729182302952
0.12073702178895473
0.1243248488754034
0.09008967317640781
0.09817131794989109
0.14295632019639015
0.10031413286924362
0.12377790175378323
0.13278238475322723
0.11190878227353096
0.10885298252105713
0.10229899547994137
0.1052998285740614
0.09575257077813148
0.12548167258501053
0.08290298283100128
0.10136823169887066
0.09713406674563885
0.11159500107169151
0.15635939314961433
0.21227868273854256
0.24688439443707466
0.32099850475788116
0.2538105472922325
0.20785853266716003
0.25551728904247284
0.3652188181877136
0.39400316774845123
0.3556603938341141
0.586894117295742
0.5962442606687546
0.4193982854485512
0.21275298669934273
0.24235786870121956
0.23958487436175346
0.15329334884881973
0.13764915987849236
0.11830759234726429
0.1628965511918068
0.15271557494997978
0.14994642697274685
0.17142677679657936
0.15778163447976112
0.13219346292316914
0.10577867738902569
0.10815997608006
0.12069869786500931
0.1576780155301094
0.09943992830812931
0.12044819071888924
0.1292893011122942
0.1371853705495596
0.12417783960700035
0.13429297134280205
0.09189401753246784
0.12971211224794388
0.12002554722130299
0.12842058204114437
0.09420967660844326
0.08839076384902
0.11667830869555473
0.12883370742201805
0.09644005447626114
0.11352702043950558
0.10038919746875763
0.07748089730739594
0.07837783545255661
0.0955765601247549
0.7260612398386002
0.11350251734256744
0.08882478810846806
0.09224565699696541
0.07740888744592667
0.06941340398043394
0.08251430466771126
0.08582077920436859
0.06231027655303478
0.08269802667200565
0.07172098848968744
0.0630651181563735
0.0591069832444191
0.05268125794827938
0.08104204200208187
0.06108879577368498
0.06900946144014597
0.04900889005511999
0.06677961442619562
0.06920198909938335
0.39465639740228653
0.1723731867969036
0.09125564247369766
0.2370290644466877
0.27237724512815475
0.20191339775919914
1.5623174607753754
4.265435338020325
4.311562180519104
3.794485628604889
3.872586488723755
3.2006800174713135
1.6959737241268158
0.5783896520733833
0.5441413074731827
0.7013101130723953
0.644005686044693
0.3041248768568039
0.21300474181771278
0.26632919907569885
0.2501526102423668
0.5675650388002396
0.4239927604794502
0.22287841886281967
0.21022751927375793
0.16929592937231064
1.255885362625122
4.002142250537872
3.179157078266144
2.7755898237228394
2.894284427165985
2.9817062616348267
2.9377567768096924
2.3162342607975006
1.3398128747940063
0.7823481410741806
0.3719243034720421
0.20037027075886726
0.13271103613078594
0.1566295325756073
0.16308750957250595
0.30312439426779747
0.7199671864509583
0.2734149433672428
0.3276243805885315
0.3130398690700531
0.23389892652630806
2.093142122030258
3.1187570095062256
3.657112419605255
3.2617250084877014
2.8879857063293457
1.6797874867916107
0.5752048641443253
0.43473534286022186
0.582328625023365
0.6382518261671066
0.6134488433599472
0.49998030066490173
0.3306722640991211
0.21775595843791962
0.17065633088350296
0.12036946602165699
0.10703630745410919
0.5398727580904961
0.2908444404602051
0.19985107704997063
0.36367136985063553
4.160057008266449
3.8644319772720337
3.672432601451874
3.4678757190704346
3.2939472794532776
3.1531772017478943
2.720126509666443
2.467263340950012
2.1765828132629395
1.7894929647445679
1.1066096276044846
0.5834174528717995
0.23482134565711021
0.15332822687923908
0.11933229863643646
0.13469329103827477
0.13437270186841488
0.12097366154193878
0.12326745316386223
0.12163510546088219
0.11158177629113197
0.11649365536868572
0.10841663926839828
0.10623068548738956
0.09197337552905083
0.1399012003093958
0.08077985607087612
0.10661594569683075
0.07760652806609869
0.10994180105626583
0.11941458098590374
0.12433352880179882
0.07660876028239727
0.07948651909828186
0.10158373974263668
0.11355442926287651
0.08976615965366364
0.11261632665991783
0.07933130487799644
0.09261220693588257
0.07802003994584084
0.09713280946016312
0.07826860062777996
0.07450997363775969
0.07593788206577301
0.061796046793460846
0.05939799826592207
0.054487804882228374
0.06530641578137875
0.04683200269937515
0.06478577852249146
0.061500552110373974
0.054028620943427086
0.078981788828969
0.057467459701001644
0.059525598771870136
0.06634681019932032
0.06234203465282917
0.07108697202056646
0.05213604308664799
0.0635662255808711
0.06710674148052931
0.07316998671740294
0.05665052682161331
0.04682577680796385
0.03999341744929552
0.05890421103686094
0.06595196668058634
0.07359252776950598
0.07852849550545216
0.05345063749700785
0.0599780073389411
0.08901212364435196
0.05619383417069912
0.053434171713888645
0.24034179747104645
0.10929683223366737
0.1105995662510395
0.150149529799819
0.4797579348087311
0.3302597627043724
0.20243210718035698
4.142462611198425
4.512622952461243
4.810614585876465
5.117301344871521
4.004948437213898
1.8164251744747162
0.9382662177085876
1.1926201730966568
1.127268671989441
1.38458251953125
1.457674354314804
1.1588265001773834
0.6410209834575653
0.1700768619775772
0.11471561156213284
0.1614675112068653
0.14694487676024437
0.3528335317969322
1.2004383653402328
1.345306783914566
1.528567522764206
0.3436671942472458
4.27184671163559
4.560680687427521
3.7986892461776733
3.3255845308303833
3.4819191694259644
3.6601147055625916
4.724051654338837
2.2423359751701355
1.405898928642273
0.6278640031814575
0.5230566114187241
0.94728022813797
11.535335779190063
1.2114116549491882
1.0648641735315323
2.0648451149463654
0.672895759344101
0.5340340733528137
0.2786491811275482
0.4206988587975502
1.374170184135437
6.509379744529724
8.997858762741089
12.485474348068237
10.638958215713501
12.441668510437012
13.742494583129883
16.999303102493286
16.978648900985718
9.714581966400146
2.883305251598358
0.7624080777168274
0.5445417389273643
0.2812289074063301
0.2571885474026203
0.20702173933386803
0.20204110071063042
0.3825795277953148
0.2442224882543087
0.1643330231308937
61.3398551940918
0.819917768239975
0.4715309664607048
0.40027402341365814
0.3698321431875229
0.34198377281427383
0.3083345852792263
0.2793271467089653
0.5224833637475967
0.2786409296095371
0.25249456986784935
0.26578960940241814
0.48291850835084915
1.3317209482192993
0.7853615283966064
1.1308757960796356
1.167503446340561
0.9335189312696457
0.7469848543405533
0.7648257911205292
0.7962731271982193
0.6543926894664764
0.7138144969940186
0.532141923904419
0.4944954439997673
0.6311534345149994
0.4926232248544693
0.6698960065841675
0.6276874244213104
0.6395769119262695
0.6591824442148209
0.5673608183860779
0.8649547398090363
0.6677804887294769
0.478118434548378
0.5053314566612244
0.7422506809234619
0.45579124242067337
0.3102944977581501
0.33315710723400116
0.257197730243206
0.2532639168202877
0.17123648896813393
0.22322045639157295
0.22176550701260567
0.22145947441458702
0.21762393414974213
0.1973063126206398
0.2415601722896099
0.24780681356787682
0.20268399268388748
0.17948530614376068
0.16259752213954926
0.21005993708968163
0.2015569619834423
0.1793920062482357
0.13706231489777565
0.133954007178545
0.11288058944046497
0.12770656496286392
0.12149040587246418
0.1301171164959669
0.1014983281493187
0.11594622395932674
0.13437846675515175
0.1348969154059887
0.11798969469964504
0.16074316576123238
0.0994363147765398
0.12149841524660587
0.11415072716772556
0.11831403709948063
0.1312880590558052
0.11806484311819077
0.09281011298298836
0.11834333650767803
0.11107957921922207
0.0855608657002449
0.10138222016394138
0.15724528580904007
0.1038786955177784
0.09095941670238972
0.5566329881548882
0.11922811158001423
0.1043910812586546
0.08969145826995373
0.07890613749623299
0.09317203424870968
0.2244526892900467
0.22823516279459
0.1728486269712448
0.08025772869586945
0.08650028146803379
0.0842482503503561
0.10253420099616051
0.10915459133684635
0.08025708608329296
0.09372697211802006
0.08247379213571548
0.14636872336268425
0.2114129438996315
2.938733994960785
60.838751792907715
44.157891273498535
19.13081645965576
7.728481888771057
6.422622799873352
17.887383699417114
25.40635585784912
29.382011890411377
19.680206775665283
23.187992572784424
41.04431629180908
68.34099292755127
64.89954948425293
51.40162944793701
52.42154598236084
40.320701599121094
32.21998453140259
8.948075771331787
2.338249236345291
0.6083853542804718
2.622699737548828
15.160164833068848
56.602325439453125
27.263379096984863
19.024856090545654
23.713748455047607
21.659367084503174
20.14793872833252
19.266843795776367
16.256123781204224
13.336591720581055
11.192480325698853
8.556782603263855
4.883462190628052
2.464304566383362
1.3211843371391296
0.5804003402590752
0.3340059518814087
0.3288659453392029
0.17812715843319893
0.20613837987184525
0.0
0.0
0.0
0.0
0.0
0.0
0.0
0.0
0.0
0.0
0.0
0.0
